import numpy as np
from random import randint

R = [[np.random.normal(0,randint(0,10),1) for _ in range(4)],[np.random.normal(0,randint(0,10),1) for _ in range(4)],
     [np.random.normal(0,randint(0,10),1) for _ in range(4)],[np.random.normal(0,randint(0,10),1) for _ in range(4)]
    ]

t = [4,4,4,4]

t1 ,t2 ,t3 ,t4 = None, None, None, None

tensor = [t1,t2,t3,t4]

for i in range((len(t))):
    X = R * t[i]

    tensor[i] = [X]

print('8x8 Numpy tensor\n\n')
print(np.reshape(tensor[2],shape=(8,8)))

print('\n16x16 Numpy tensor\n\n')
print(np.reshape(tensor,shape=(16,16)))


#KOD ÇIKTISI#

r"""8x8 Numpy tensor


[[  8.09227532   0.8621781    0.          -0.04303205  -3.85849898
    2.49139056   0.36743113  -3.51533917]
 [  4.22940813   3.71580392   3.1124507   -0.50235956  -3.9552751 
  -11.07903294  12.3460147   -0.91775654]
 [  8.09227532   0.8621781    0.          -0.04303205  -3.85849898
    2.49139056   0.36743113  -3.51533917]
 [  4.22940813   3.71580392   3.1124507   -0.50235956  -3.9552751 
  -11.07903294  12.3460147   -0.91775654]
 [  8.09227532   0.8621781    0.          -0.04303205  -3.85849898
    2.49139056   0.36743113  -3.51533917]
 [  4.22940813   3.71580392   3.1124507   -0.50235956  -3.9552751 
  -11.07903294  12.3460147   -0.91775654]
 [  8.09227532   0.8621781    0.          -0.04303205  -3.85849898
    2.49139056   0.36743113  -3.51533917]
 [  4.22940813   3.71580392   3.1124507   -0.50235956  -3.9552751 
  -11.07903294  12.3460147   -0.91775654]]

16x16 Numpy tensor


[[  8.09227532   0.8621781    0.          -0.04303205  -3.85849898
    2.49139056   0.36743113  -3.51533917   4.22940813   3.71580392
    3.1124507   -0.50235956  -3.9552751  -11.07903294  12.3460147 
   -0.91775654]
 [  8.09227532   0.8621781    0.          -0.04303205  -3.85849898
    2.49139056   0.36743113  -3.51533917   4.22940813   3.71580392
    3.1124507   -0.50235956  -3.9552751  -11.07903294  12.3460147
   -0.91775654]
 [  8.09227532   0.8621781    0.          -0.04303205  -3.85849898
    2.49139056   0.36743113  -3.51533917   4.22940813   3.71580392
    3.1124507   -0.50235956  -3.9552751  -11.07903294  12.3460147
   -0.91775654]
 [  8.09227532   0.8621781    0.          -0.04303205  -3.85849898
    2.49139056   0.36743113  -3.51533917   4.22940813   3.71580392
    3.1124507   -0.50235956  -3.9552751  -11.07903294  12.3460147
   -0.91775654]
 [  8.09227532   0.8621781    0.          -0.04303205  -3.85849898
    2.49139056   0.36743113  -3.51533917   4.22940813   3.71580392
    3.1124507   -0.50235956  -3.9552751  -11.07903294  12.3460147
   -0.91775654]
 [  8.09227532   0.8621781    0.          -0.04303205  -3.85849898
    2.49139056   0.36743113  -3.51533917   4.22940813   3.71580392
    3.1124507   -0.50235956  -3.9552751  -11.07903294  12.3460147
   -0.91775654]
 [  8.09227532   0.8621781    0.          -0.04303205  -3.85849898
    2.49139056   0.36743113  -3.51533917   4.22940813   3.71580392
    3.1124507   -0.50235956  -3.9552751  -11.07903294  12.3460147
   -0.91775654]
 [  8.09227532   0.8621781    0.          -0.04303205  -3.85849898
    2.49139056   0.36743113  -3.51533917   4.22940813   3.71580392
    3.1124507   -0.50235956  -3.9552751  -11.07903294  12.3460147
   -0.91775654]
 [  8.09227532   0.8621781    0.          -0.04303205  -3.85849898
    2.49139056   0.36743113  -3.51533917   4.22940813   3.71580392
    3.1124507   -0.50235956  -3.9552751  -11.07903294  12.3460147
   -0.91775654]
 [  8.09227532   0.8621781    0.          -0.04303205  -3.85849898
    2.49139056   0.36743113  -3.51533917   4.22940813   3.71580392
    3.1124507   -0.50235956  -3.9552751  -11.07903294  12.3460147
   -0.91775654]
 [  8.09227532   0.8621781    0.          -0.04303205  -3.85849898
    2.49139056   0.36743113  -3.51533917   4.22940813   3.71580392
    3.1124507   -0.50235956  -3.9552751  -11.07903294  12.3460147
   -0.91775654]
 [  8.09227532   0.8621781    0.          -0.04303205  -3.85849898
    2.49139056   0.36743113  -3.51533917   4.22940813   3.71580392
    3.1124507   -0.50235956  -3.9552751  -11.07903294  12.3460147
   -0.91775654]
 [  8.09227532   0.8621781    0.          -0.04303205  -3.85849898
    2.49139056   0.36743113  -3.51533917   4.22940813   3.71580392
    3.1124507   -0.50235956  -3.9552751  -11.07903294  12.3460147
   -0.91775654]
 [  8.09227532   0.8621781    0.          -0.04303205  -3.85849898
    2.49139056   0.36743113  -3.51533917   4.22940813   3.71580392
    3.1124507   -0.50235956  -3.9552751  -11.07903294  12.3460147
   -0.91775654]
 [  8.09227532   0.8621781    0.          -0.04303205  -3.85849898
    2.49139056   0.36743113  -3.51533917   4.22940813   3.71580392
    3.1124507   -0.50235956  -3.9552751  -11.07903294  12.3460147
   -0.91775654]
 [  8.09227532   0.8621781    0.          -0.04303205  -3.85849898
    2.49139056   0.36743113  -3.51533917   4.22940813   3.71580392
    3.1124507   -0.50235956  -3.9552751  -11.07903294  12.3460147
   -0.91775654]]"""
